1768
2121
2772
8300
12199
13519
16931
17650
34453
35521
51412
51894
74440
74545
74807
75058
75216
75231
75374
75662
75801
76308
76455
77269
77289
77381
77419
77502
77562
77723
77770
77820
77898
77906
78357
78479
78689
78692
78858
78866
79206
79443
79462
79534
79620
80041
80262
80365
80514
80642
81026
81106
81320
81323
81345
81502
81608
81879
81883
81896
82014
82253
82344
82354
82419
82492
82934
82972
83376
83395
83474
83496
83512
84152
84903
85142
85328
85428
85593
85860
85890
86019
86264
86279
86513
86663
86720
86968
87085
87101
87160
87251
87254
87412
87681
88138
88332
88927
89097
89951
90012
90248
90274
90505
90528
91278
91452
91546
91771
91799
91833
91976
92035
92084
92489
92578
92579
92865
93381
93388
93543
93781
93869
93975
93981
93999
94312
94520
94584
94605
95021
95175
95255
95553
95661
95688
95863
95864
95890
95926
95950
96013
96016
96037
96304
97395
97683
98664
98726
99806
100300
101852
102458
107212
108547
110978
111521
111571
112243
113180
114509
116399
116944
117731
118094
118239
118498
119854
120907
121474
121603
121901
123956
126474
142775
142793
142940
142949
143056
143065
143109
143153
143156
143208
143267
143384
143544
143581
143718
143812
143918
144048
144149
144155
144165
144178
144180
144427
144536
144724
144779
144784
144824
144896
145097
145191
145286
145405
145429
145452
145504
145515
145525
145750
145826
145893
146000
146041
146201
146280
146285
146286
146350
146364
146623
146723
146812
146856
147014
147056
147113
147258
147372
147375
147429
147509
147592
147906
148046
148120
148144
148163
148310
148379
148419
148467
148806
148883
148966
149023
149046
149075
149510
149540
149659
149760
149857
149873
149901
149915
149953
150028
150194
150271
150284
150387
150569
150595
150720
150891
150897
151120
151297
151318
151520
151590
151598
151679
151824
151848
151853
151906
151925
151979
151980
152013
152039
152177
152321
152369
152434
152501
152517
152518
152766
153001
153114
153138
153264
153456
153729
153803
153949
153955
153962
154225
154288
154655
154852
155014
155093
155311
155388
155436
155479
155682
155743
155763
155941
156026
156037
156083
156114
156157
156198
156529
156627
156713
156734
156755
156977
157136
157161
157179
157304
157343
157360
157440
157475
157539
157761
157936
157979
158300
158345
158500
158580
158583
158599
158785
158833
158918
158991
159352
159512
159559
159612
159660
159683
159845
159906
159912
159945
160011
160080
160316
160346
160397
160527
160609
160709
160881
160896
160921
160970
160974
161285
161348
161355
161547
161597
161616
161621
161679
161692
161772
161793
162013
162102
162235
162237
162284
162290
162331
162337
162410
162433
162511
162535
162585
162605
162680
162828
162915
162995
163009
163068
163088
163173
163187
163238
163354
163380
163412
163471
163541
163738
163764
163808
163826
163912
163940
164010
164044
164088
164122
164197
164205
164237
164340
164420
164485
164493
164558
164685
164845
164904
164920
164950
164958
165008
165046
165069
165397
165447
165608
165625
165662
165753
165851
166075
166222
166262
166278
166398
166471
166580
166707
166757
166763
166812
166833
166860
166932
166970
167001
167129
167155
167164
167394
167404
167577
167630
167911
167916
167945
168018
168098
168340
168366
168374
168389
168440
168446
168464
168818
168928
168939
169100
169135
169230
169235
169380
169457
169496
169841
169968
170018
170137
170157
170184
170434
170463
170603
170752
170882
170890
171054
171160
171332
171444
171541
171664
171678
171706
171710
171716
171857
171864
171925
172075
172119
172124
172163
172406
172561
172631
172811
172855
173037
173093
173102
173123
173142
173198
173499
173570
173605
173711
173765
173934
174130
174329
174368
174618
174649
174751
174872
174901
174910
174956
175065
175109
175162
175164
175207
175326
175336
175429
175466
175528
176082
176155
176194
176226
176422
176569
176571
176572
176629
176652
177093
177128
177133
177144
177184
177195
177208
177230
177273
177286
177306
177326
177331
177374
177443
177629
177646
177675
177742
177780
177827
177887
178051
178195
178287
178360
178479
178502
178505
178526
178572
178610
178654
178659
178714
178754
178875
178877
178950
179085
179093
179372
179415
179498
179540
179812
179814
180028
180034
180095
180159
180300
180350
180364
180615
180639
180652
180761
180807
180833
180953
181029
181031
181184
181280
181385
181387
181516
181709
181751
181837
181894
182067
182204
182205
182255
182310
182344
182559
182577
182604
182611
182869
182928
183007
183108
183150
183240
183311
183462
183637
183649
183738
183868
184030
184094
184117
184241
184299
184307
184382
184552
184889
184898
185213
185327
188642
190431
190449
191491
192553
194960
195754
200323
202387
202908
203429
203595
205823
206500
206955
207430
207703
207740
208165
208186
208388
208615
208734
210055
210083
210636
210894
210918
211763
211814
212003
212092
212202
212507
213071
214023
214165
214175
214244
214486
214512
214622
214710
214951
215199
215941
216056
216061
216153
216194
216222
216510
216749
217120
217525
217676
217722
217748
217939
218178
218926
219562
219580
219812
219966
219981
220059
220225
220356
220543
220730
220745
221057
221191
221485
221505
221721
221749
222169
222206
222409
222772
222838
222885
222913
222968
223011
223071
223822
224520
224525
224783
224831
225166
225382
225506
225603
225616
225903
226038
226184
226571
226645
226929
226996
227710
227869
228039
228693
228712
229156
229620
229847
229877
230063
230495
230820
230954
231036
231125
231237
231569
231782
232062
232309
232392
232582
232613
232646
233213
233473
233690
234334
234730
234802
234976
235186
235694
235699
235876
236057
236253
236297
236674
236741
237012
237122
237378
237810
237848
238030
238317
238352
238365
238367
238730
238938
239549
239918
240055
240173
240240
240559
240565
240656
241257
241612
241664
241740
241893
242174
242213
242411
242447
242692
242861
243117
243155
243210
243409
243716
244252
244656
244751
244794
244960
245016
245063
245354
245638
245695
246024
246511
246544
246590
246679
246693
246736
247033
247523
247546
248372
248496
248732
248919
249401
249524
249536
249676
249971
250081
250122
250135
250634
250843
251260
251372
251421
251603
251778
251835
251845
252067
252089
252685
252881
253060
253202
253222
253358
253404
254047
254169
254394
254400
254495
254508
255457
255589
255701
255753
259875
263272
264526
266682
271722
271873
276473
279671
279851
280199
280201
280211
280320
280345
280669
280715
280819
280985
280997
281189
281343
281548
281685
281933
281938
282013
282258
282314
282384
282674
283130
283131
283653
283695
283769
283978
284030
284289
284336
284348
284491
284886
285215
285389
285390
285741
285915
285956
285976
286105
286236
286244
286706
286845
287410
287583
287721
287858
288079
288126
288287
288405
288446
288545
288582
288690
288698
288756
288802
289324
289432
289473
289649
289712
289732
289767
289991
290033
290070
290083
290340
290445
290648
290990
292137
292676
292881
292909
293177
293288
293499
293708
293715
293732
294089
294567
294862
294940
295170
295353
295568
295839
295913
296394
296500
297124
297327
297372
297621
297709
297727
297887
298043
298163
298451
298470
299029
299297
299567
299813
300137
300186
300194
300291
300308
300643
302224
302239
303300
303474
303975
305451
306162
306291
306598
306762
307018
307288
307387
307418
307489
307669
307961
308700
309866
310769
311150
311413
312718
312853
313316
313627
313666
313829
314048
314055
314158
314206
314219
314331
314358
314558
314703
314806
314817
314963
315157
315280
315635
315648
315820
315860
315868
315877
315920
315937
316011
316035
316045
316047
316233
316264
316293
316308
316426
316491
316592
316802
316935
317208
317222
317235
317300
317395
317444
317449
317485
317569
317680
317881
318001
318063
318294
318327
318330
318448
318500
318506
318548
318723
318760
318766
318939
318944
319066
319069
319134
319143
319150
319217
319232
319333
319336
319351
319391
319470
319507
319561
319577
319630
319801
319813
319867
319869
319878
320173
320204
320284
320315
320318
320319
320363
320383
320395
320400
320451
320699
320748
320968
320992
320995
321015
321029
321038
321277
321318
321452
321525
321526
321817
321876
322072
322192
322209
322244
322363
322574
322625
322720
322810
322883
323067
323243
323254
323279
323437
323455
323516
323539
323556
323644
323728
323755
323836
323882
323963
324042
324131
324137
324211
324236
324260
324308
324460
324595
324621
324639
324647
324658
324844
324964
325013
325067
325256
325275
325286
325370
325429
326037
326101
326150
326304
326368
326404
326409
326559
326589
326719
326751
326802
326818
326938
326987
326992
327006
327028
327231
327298
327458
327699
327710
327782
327802
327803
327827
327856
328020
328238
328416
328436
328437
328541
328601
328671
328709
328811
328859
329080
329131
329255
329425
329607
329642
329646
329654
329668
329716
329737
329868
329883
330067
330142
330178
330572
330598
330779
330780
330822
330858
330862
330864
330918
330931
331019
331066
331101
331251
331292
331310
331324
331447
331490
331525
331657
331811
331846
331945
331968
332054
332108
332111
332120
332205
332327
332514
332517
332703
332784
332851
332931
332957
333034
333057
333180
333553
333675
333699
333769
333770
333807
333809
333859
334025
334053
334180
334248
334254
334349
334426
334463
334528
334562
334601
334630
334666
334877
335128
335238
335280
335299
335365
335516
335574
335617
335624
339148
352786
352891
355189
355214
355375
355844
355878
356073
356192
356310
356468
356923
357613
358330
358613
358784
358826
359648
360014
360390
360581
361777
361901
362012
362019
362269
362276
362380
362638
362896
362901
362949
363011
363684
363799
363874
363941
364113
364973
365329
365438
365606
365833
366139
366514
366648
367596
367925
368076
368234
368802
368833
369052
369065
369156
369553
370855
371134
372477
372632
372639
373468
373520
373791
374047
374242
374739
375172
375675
376589
376606
377482
377763
377985
378420
378539
378625
378840
379088
379100
379697
380153
380719
382021
382250
382269
382599
383462
383469
383510
383530
383649
415234
418748
421692
431626
433913
435316
436528
437404
437942
438519
438621
438624
438771
438777
438906
438962
439048
439104
439311
439341
439544
439727
439869
439904
439969
439987
440046
440444
440456
440619
440664
440743
440961
440998
441334
441369
441394
441416
441492
441539
441842
441908
442060
442115
442276
442449
442457
443028
443078
443372
443411
443698
443895
444128
444150
444187
444430
444463
444561
445076
445388
445573
445617
445659
445663
445680
445730
446168
446273
446377
446405
446972
447012
447211
447264
447281
447480
447542
447665
447676
447685
447900
448057
448390
448518
448531
448532
448808
448912
448929
448970
449098
449198
449336
449466
449514
449690
449921
449959
449979
450368
450444
450521
450559
450688
450822
450956
450966
451075
451113
451175
451229
451239
451386
451404
451431
451534
451540
451594
451910
452056
452482
452575
452842
452948
453153
453302
453387
453402
453605
453909
454225
454276
454583
454738
454844
454906
454965
455025
455139
455254
455393
455459
455526
455532
455654
455721
455846
455988
456222
456261
456330
456550
456570
456691
457183
457237
457304
457425
457431
457547
457858
457871
457887
458054
458161
458224
458820
458907
458911
459006
459213
459302
459322
459332
459603
459741
459796
459963
460009
460122
460311
460508
460805
460810
460813
461032
461117
461155
461233
461293
461443
461823
462027
462110
462253
462355
462703
463024
463075
463423
463564
463647
463953
463965
464094
464382
464393
464537
464598
464648
464760
464828
464896
464972
465018
465147
465270
465375
465460
465543
465631
465690
465762
465866
466031
466243
466472
466691
466904
466955
467077
467113
467165
467304
467331
467561
467662
467918
467935
467950
467970
468115
468251
468306
468390
468425
468505
468777
468809
468915
468945
469200
469391
469398
469580
469637
469898
470070
470106
470176
470349
470398
470468
470496
470778
470940
471107
471236
471249
471325
471361
471474
471959
472198
472401
472475
472500
472662
472721
472810
472880
472955
472963
473284
473300
473425
473446
473600
473692
474058
474292
474825
474830
474892
474951
474959
475024
475054
475119
475349
475410
475832
476010
476130
476223
476234
476450
476515
476620
476623
477000
477022
477074
477202
477460
477499
477716
477739
477986
478156
478417
478544
478547
478606
478674
478836
478962
478965
479034
479134
479177
479235
479387
479641
479661
479695
479872
479875
480088
480113
480202
480236
480437
480507
480535
480705
480830
480983
481213
481335
481617
481805
481895
482173
482184
482264
482400
482576
482726
482737
482828
482838
482874
483044
483276
483360
483433
483689
483813
483876
483896
484113
484207
484404
484432
484467
484735
484756
484925
485023
485400
485794
485827
486038
486045
486153
486373
486569
486786
486825
486925
487158
487627
487842
487927
508495
508709
508813
508984
509137
509214
509274
509391
509780
509790
509871
510000
510415
510443
510474
510766
510892
510916
510939
511290
511327
511555
511616
511632
511731
511779
512138
512165
512558
513012
513160
513201
513295
513523
514005
514019
514342
514476
514888
514924
515052
515068
515153
515306
515403
515529
515562
515607
515698
515900
515999
516501
516567
516954
517247
517252
517532
517630
517683
517967
518079
518197
518301
518448
518769
518777
519130
519231
519363
519723
519824
519991
520010
520020
520215
520326
520431
520503
520737
520889
520929
520984
521069
521113
521162
521239
521292
521312
521346
521483
521496
521842
521898
521976
522005
522060
522404
522886
522919
522925
523112
523119
523162
523197
523400
523466
523972
524020
524188
524325
524419
524520
524577
524598
524708
525094
525169
525574
525620
525747
525769
525981
526200
526761
526803
526816
526848
526923
526976
527216
527907
528148
528152
528276
528329
528494
528544
528638
528801
528851
528915
529135
529239
529419
529485
529614
529946
530339
530466
530555
530863
530946
531149
531284
531302
531457
531502
531965
532048
532129
532315
532431
532519
532629
532716
532735
532878
533341
533476
533684
533712
533779
533919
534026
534099
534184
534189
534904
534936
535466
535600
535651
535758
536011
536060
536244
536566
536898
536995
537151
537207
537277
537473
537557
537573
537608
537758
537864
537970
538040
538103
538118
538141
538236
538565
538698
538889
539039
539150
539226
539556
539793
539954
540389
540870
540944
541119
541263
541594
541672
541854
541998
542052
542137
542201
542574
542643
542951
543242
543367
543498
543745
544134
544371
544585
544696
544869
544896
544951
545069
545431
545586
545616
545665
546245
546263
546291
546355
546368
546608
546754
546861
547078
547366
547368
547387
547625
547710
547878
548010
548014
548345
548360
548371
548382
548387
548406
548584
548635
548712
548941
549010
549076
549102
549198
549495
549993
550013
550064
550081
550101
550160
550486
550493
550539
550740
550925
551285
551707
551837
552115
552173
552219
552238
552271
552714
552884
552981
553148
553235
553306
553411
553672
553848
553850
553920
553970
554115
554343
554880
554954
555061
555163
555196
555207
555290
556613
556828
557181
557471
558059
558869
559019
560006
560357
562162
565479
566058
567208
567872
569014
571840
572262
573085
573537
574808
577319
578998
579380
580377
580721
581010
581170
582319
582422
582449
582657
582679
583297
583427
583661
584158
584340
584456
584606
584615
584649
584715
584804
584924
585128
585232
585312
585414
585504
585594
585826
585864
585875
585934
586046
586209
586235
586271
586352
586494
586599
586607
586643
586724
586775
586947
587136
587184
587207
587646
587758
587779
588449
588538
588595
588597
588896
589177
589255
589273
589329
589354
589364
589682
589731
589756
589843
590257
590349
590427
590481
590566
590752
590787
591291
591581
591593
591599
591740
591861
592030
592139
592166
592521
592534
592683
592714
592738
592926
592939
592999
593112
593135
593140
593335
593573
593911
593955
594020
594414
594690
594773
594837
594950
595117
595484
595891
595994
596406
596545
596696
596823
596904
596954
597069
597175
597720
597768
597777
598000
598011
598107
598415
598520
598613
598717
599128
599200
599287
599645
599821
599907
600229
600250
600493
600652
600850
601147
601227
601617
601751
601805
601824
601833
601906
602241
602352
602689
602737
602754
602850
602898
602963
603277
603402
603502
603687
603715
603750
603823
603912
604052
604193
604515
604574
604857
605112
605188
605329
605535
605829
606054
606228
606377
606459
606718
606790
606799
607230
607541
607817
609004
609136
609198
610638
610729
611178
611283
611298
611407
611483
611946
611995
612146
612358
612437
612550
612726
612780
613280
613372
613469
613481
613609
613914
614218
614411
614660
614668
614673
614705
614922
615015
615810
615942
616075
616698
616871
616896
617030
617211
617388
617678
618406
618495
618543
618795
618899
618924
618972
619078
619143
619700
619744
619885
619912
620023
620296
620364
620497
620759
620765
620807
621066
621355
621412
621716
621899
621951
621987
622154
622456
622577
622654
622705
623170
623280
623362
623626
623633
623798
623964
624394
624448
624972
624995
625044
625053
625612
625619
625738
625795
625808
625942
626433
626536
626568
626951
